0 8
0 435
0 544
8 435
14 0
14 8
14 31
14 232
14 242
14 268
14 384
14 393
14 400
14 435
14 437
14 443
14 544
14 613
14 708
14 736
14 746
14 751
15 80
15 129
15 152
15 253
15 254
15 322
15 399
15 538
15 701
18 127
18 866
18 890
18 1932
28 586
36 1066
36 1701
36 1974
36 2072
36 2390
43 576
46 867
58 536
58 990
58 1891
58 2495
59 570
59 872
59 874
59 1709
63 153
68 522
68 979
68 1632
68 1825
68 1845
68 2007
72 202
74 19
74 154
74 263
74 310
74 377
74 505
74 547
74 604
74 622
74 680
74 867
74 881
74 975
74 1220
74 1634
74 1676
74 1928
74 2013
74 2124
74 2284
74 2335
74 2390
74 2513
76 694
76 975
76 2390
77 337
78 469
78 2681
87 383
90 680
101 2680
101 2686
102 1895
102 1964
102 2333
102 2583
108 304
121 731
121 1825
121 1990
122 124
122 127
122 1093
122 2400
124 2400
125 394
125 1857
127 124
127 2228
127 2400
133 394
134 505
136 244
142 227
142 230
142 391
142 520
142 1283
143 337
143 346
143 363
144 188
144 444
144 2102
152 1383
157 214
157 393
157 716
157 766
157 916
157 979
157 1038
157 1075
157 1289
157 1340
157 1452
157 1637
157 1718
157 2019
157 2021
157 2095
157 2540
157 2680
159 2674
160 125
160 322
160 469
160 1857
160 2540
160 2681
169 212
192 10
192 193
192 280
192 439
192 510
192 519
192 705
193 10
193 74
193 238
193 280
193 420
193 519
193 2549
194 673
200 536
200 1891
201 427
202 204
202 771
204 274
204 597
204 741
204 1811
204 2410
204 2650
205 600
206 536
206 1042
206 1891
207 688
207 1536
207 1676
214 78
214 469
214 587
230 391
230 406
230 520
230 1284
238 46
238 301
250 31
250 33
250 304
250 694
250 708
250 736
253 2670
257 36
257 480
258 0
258 7
258 8
258 14
258 268
258 400
258 435
258 544
258 751
258 1031
258 1111
261 626
268 232
268 2046
268 2571
272 516
272 914
280 10
291 487
294 153
299 746
299 2083
301 46
310 2513
331 774
340 341
340 529
340 709
341 529
341 709
346 337
346 363
350 351
350 427
351 730
354 330
354 839
354 1072
355 1093
355 1094
355 2068
356 190
356 510
359 203
359 330
359 808
359 1068
359 1320
359 1342
359 1787
359 1871
359 2322
359 2376
359 2422
359 2498
359 2505
359 2567
363 337
364 366
364 590
365 364
365 590
365 2572
366 590
371 2507
387 293
392 154
405 753
406 311
407 1298
407 1875
409 753
409 1298
409 1606
411 512
411 536
411 1470
411 1600
411 1891
411 2232
411 2582
411 2594
420 10
420 192
420 439
420 519
420 2214
420 2590
427 205
427 353
427 391
427 461
427 561
427 696
427 1340
430 524
430 547
430 651
430 1284
430 1637
430 2033
430 2557
438 391
439 97
439 388
444 753
447 630
447 1471
447 1501
462 187
462 2582
476 605
476 1056
476 1091
477 427
489 46
489 238
489 301
489 1815
489 2670
519 10
519 190
519 280
519 510
519 705
519 2223
519 2549
519 2590
519 2608
520 524
524 1169
524 1454
531 1490
538 487
552 311
565 244
565 1373
565 1676
571 19
572 112
576 59
576 212
576 293
576 330
576 354
576 355
576 570
576 605
576 726
576 834
576 839
576 863
576 874
576 1014
576 1067
576 1200
576 1245
576 1258
576 1381
576 1524
576 1526
576 1710
576 1801
576 1814
576 1922
576 1932
576 2026
576 2552
595 121
595 233
607 821
607 1055
613 232
613 268
613 616
613 2571
616 268
622 345
622 377
627 338
627 1057
627 1270
627 1562
627 1679
630 408
631 383
631 1057
631 1562
635 474
635 651
636 2233
636 2672
638 383
638 701
638 779
638 1895
662 181
662 518
664 978
667 257
667 480
667 867
667 1356
667 1928
667 1974
667 2072
667 2227
667 2270
668 263
668 310
668 604
668 975
668 1315
668 1508
668 2413
668 2414
668 2562
668 2683
672 1293
676 605
676 1014
676 1056
676 1091
678 528
686 2557
687 110
687 626
687 1157
687 1564
687 1700
687 1704
687 2381
687 2683
693 531
693 648
693 1471
693 1501
696 215
696 579
696 1672
698 474
698 1431
703 2233
709 529
719 87
719 520
719 609
719 611
719 1112
719 1133
719 1666
719 1838
719 2561
726 1068
726 1418
730 1889
731 330
731 576
731 808
731 1450
731 1778
740 1559
740 1664
740 1667
741 687
741 1157
745 18
745 36
745 72
745 91
745 110
745 124
745 127
745 205
745 355
745 386
745 477
745 561
745 687
745 771
745 962
745 1564
745 1700
745 1704
745 1886
745 1932
745 2162
745 2165
745 2325
745 2336
745 2437
747 91
747 113
747 124
747 127
747 153
747 175
747 205
747 207
747 310
747 353
747 362
747 369
747 489
747 542
747 561
747 588
747 696
747 703
747 719
747 741
747 779
750 244
751 8
751 435
751 544
766 78
766 181
766 518
766 979
766 2532
771 72
771 104
779 542
779 684
782 1532
804 1664
805 990
808 863
808 1320
808 1342
808 1450
820 829
820 1115
826 1237
826 1273
826 1422
826 1457
826 1606
828 1422
828 1457
834 1814
839 59
839 874
839 1067
839 1526
839 1709
866 890
873 920
879 979
881 112
881 572
881 816
881 1119
881 1411
881 2203
881 2295
881 2405
881 2454
881 2702
912 1149
912 1150
916 2373
916 2374
916 2686
919 908
939 1242
946 1179
954 1591
962 829
978 1825
979 1825
980 1488
989 1068
989 1418
1014 1056
1014 1091
1037 1042
1037 1470
1037 1610
1038 916
1038 1196
1042 1435
1043 1042
1043 1435
1050 1171
1050 1389
1050 1499
1050 1591
1052 600
1052 832
1052 1051
1052 1066
1058 1211
1058 2454
1059 1055
1067 834
1067 1801
1067 1814
1072 839
1079 611
1079 864
1079 975
1079 1009
1079 1103
1079 1315
1079 1718
1079 1724
1116 31
1116 708
1116 736
1119 2405
1123 1176
1123 1188
1146 820
1146 1676
1149 1150
1149 1323
1150 1323
1159 1485
1169 1454
1176 254
1176 2272
1203 542
1203 779
1203 816
1203 881
1203 1119
1203 1195
1203 1411
1203 1630
1211 1247
1245 1243
1250 399
1250 1251
1251 399
1252 820
1252 829
1252 830
1252 907
1252 918
1252 1115
1252 1485
1252 1634
1256 881
1262 1104
1283 230
1283 391
1283 1284
1284 1055
1284 1169
1285 405
1285 968
1285 1176
1285 1298
1285 1382
1288 1091
1290 1644
1293 2284
1300 1320
1300 1342
1306 1499
1307 1057
1307 1657
1310 1499
1315 2595
1340 1075
1354 1176
1354 1188
1356 1430
1359 1057
1366 2239
1366 2413
1366 2414
1366 2513
1366 2562
1373 1366
1374 869
1382 1313
1383 1398
1384 1383
1389 821
1389 1079
1411 2203
1421 821
1422 550
1422 1223
1422 1237
1422 1273
1422 1657
1431 861
1431 1181
1431 1412
1452 560
1452 1289
1452 1375
1457 1237
1461 304
1461 1288
1461 1593
1462 1457
1464 200
1464 1021
1464 1100
1464 1470
1471 1501
1477 1252
1484 1057
1484 1220
1484 1430
1488 1668
1490 1488
1493 774
1493 867
1520 59
1520 354
1520 570
1520 834
1520 839
1520 872
1520 873
1520 874
1520 920
1520 1072
1520 1200
1520 1211
1520 1245
1520 1246
1520 1258
1520 1524
1520 1526
1520 1709
1524 1243
1524 1245
1524 1381
1524 1526
1528 1487
1532 925
1532 1487
1548 1374
1551 272
1551 914
1559 929
1559 1664
1559 1683
1559 1791
1562 355
1562 1637
1564 899
1565 899
1565 1088
1579 1103
1591 33
1591 36
1591 1701
1592 405
1592 1161
1592 1176
1592 1293
1592 1298
1592 1734
1593 978
1593 1116
1595 1657
1600 946
1600 1293
1601 224
1601 1155
1601 1428
1601 1429
1606 28
1606 1293
1606 2381
1608 1220
1618 1112
1618 1220
1630 1150
1633 1471
1644 318
1644 322
1644 462
1644 701
1644 822
1644 1256
1644 1328
1644 1601
1644 1732
1644 1964
1644 2364
1644 2409
1644 2423
1644 2614
1644 2616
1656 527
1656 731
1656 1710
1656 1822
1656 2357
1659 1093
1659 1094
1659 1652
1668 2535
1697 16
1697 804
1697 929
1697 1559
1697 1599
1697 1664
1697 1667
1697 1683
1697 1703
1700 1157
1701 33
1701 832
1703 1559
1704 1157
1710 1450
1718 28
1718 201
1718 810
1718 1373
1718 1867
1718 2138
1718 2413
1718 2414
1718 2582
1724 1492
1724 1508
1724 1538
1770 1764
1770 1765
1770 1938
1773 2545
1774 990
1793 1775
1793 1795
1793 2082
1794 1795
1794 2178
1794 2545
1795 1775
1795 1788
1795 2082
1795 2545
1798 2120
1801 1814
1806 2279
1812 783
1812 785
1812 862
1812 1155
1812 1407
1812 1513
1812 2364
1815 238
1815 253
1815 2670
1815 2671
1821 834
1821 1801
1827 2083
1827 2224
1845 979
1846 1927
1847 1846
1847 1927
1857 2681
1866 2272
1869 2409
1875 2439
1878 2571
1884 745
1884 1886
1884 1902
1885 745
1885 1884
1885 1886
1885 1902
1886 1902
1891 1149
1891 1774
1891 1875
1893 1895
1902 1887
1908 1893
1910 705
1910 1668
1912 304
1912 1932
1916 2400
1922 2026
1928 1923
1928 2114
1933 36
1935 611
1935 2340
1947 2557
1954 978
1966 1825
1968 527
1968 1774
1968 2619
1990 201
1990 233
1990 2093
2013 2382
2019 2147
2020 1857
2021 87
2021 2218
2024 427
2024 1778
2024 1932
2044 80
2046 616
2049 2306
2049 2410
2056 2095
2082 2178
2082 2545
2085 1093
2085 1094
2095 2230
2107 613
2107 1865
2107 1953
2107 2046
2107 2496
2107 2571
2112 365
2112 2572
2114 1923
2117 2639
2121 2212
2124 1928
2124 2114
2129 2454
2135 134
2135 2333
2135 2583
2178 1788
2178 1793
2178 1795
2178 2545
2178 2582
2181 1788
2181 1793
2181 1795
2181 2178
2186 2321
2187 2321
2191 362
2214 2223
2223 190
2223 510
2227 1923
2227 1974
2227 2072
2227 2390
2228 1093
2228 1094
2228 2068
2228 2085
2233 2201
2239 587
2239 2413
2239 2414
2239 2507
2239 2513
2270 480
2270 2043
2278 2284
2283 2284
2304 908
2304 2297
2307 406
2307 1772
2307 1939
2321 2370
2322 2498
2337 2218
2337 2606
2337 2610
2351 1772
2373 1366
2373 2374
2373 2413
2373 2414
2373 2507
2374 1366
2374 2507
2374 2513
2378 611
2378 1668
2378 2335
2397 2203
2397 2405
2405 2203
2409 638
2409 2672
2410 1811
2421 263
2422 2376
2423 881
2423 1601
2423 1732
2428 2021
2437 2433
2448 519
2452 1315
2452 2595
2454 1342
2496 613
2496 2571
2499 359
2499 863
2499 1068
2499 1418
2499 1787
2499 1871
2499 1935
2499 2322
2499 2357
2499 2376
2499 2385
2499 2422
2499 2498
2499 2500
2499 2505
2500 1068
2500 2322
2500 2376
2500 2422
2500 2498
2511 2083
2537 451
2537 1846
2537 1927
2537 2198
2538 2325
2540 1857
2543 2409
2543 2674
2549 280
2549 2608
2552 2026
2553 1875
2562 2595
2570 480
2570 667
2570 1806
2570 1928
2576 1051
2579 2279
2579 2336
2586 1889
2586 2162
2586 2486
2590 388
2596 2680
2596 2686
2599 2162
2611 2606
2619 328
2619 1774
2622 2033
2631 2601
2648 1889
2658 1559
2662 527
2662 1822
2662 2606
2667 2381
2674 1352
2674 2066
2676 1787
2676 2385
2678 2477
2678 2576
2684 2523
2707 774
2707 1389
