15 234
26 1129
68 1979
71 677
71 1559
71 1923
74 906
74 949
74 1017
74 1103
88 587
92 2438
102 404
102 1824
102 1893
102 2012
123 553
132 346
134 1782
142 823
142 1318
142 1547
143 180
146 17
157 1017
157 2230
163 174
163 346
163 659
163 1457
163 2557
201 143
217 685
217 2355
227 823
227 1318
227 1547
269 24
271 718
283 2093
294 83
294 665
294 1672
318 2427
320 259
331 101
331 179
345 261
350 111
350 180
350 201
350 664
350 730
350 770
360 151
378 1644
378 2042
399 1250
399 1251
407 512
407 1763
407 2439
409 2582
414 908
427 18
427 146
427 202
427 230
427 250
427 304
427 312
427 399
427 406
427 493
427 494
427 526
427 584
427 587
427 610
427 658
427 665
427 674
427 698
427 823
427 916
427 946
427 954
427 1037
427 1103
427 1274
427 1283
427 1284
427 1318
427 1399
427 1405
427 1488
427 1547
427 1577
427 1760
427 1766
427 1811
427 1914
427 1975
427 1999
427 2044
427 2255
427 2258
427 2295
427 2306
427 2383
427 2388
427 2412
427 2437
427 2448
427 2453
427 2574
427 2658
427 2683
438 607
438 616
438 720
441 297
465 2672
477 229
477 1645
477 1766
477 2409
478 520
478 754
496 501
496 1896
496 2393
501 174
503 174
503 501
503 1813
503 1851
503 1952
503 2029
503 2396
504 702
523 283
523 1676
523 2642
527 2606
562 1889
565 283
565 2642
565 2672
569 1430
569 1457
570 59
570 169
570 212
570 872
570 874
570 1067
570 1200
570 1243
570 1245
570 1246
570 1258
570 1381
570 1524
570 1709
570 1814
570 1922
570 2026
589 282
589 592
591 2155
592 282
592 1144
592 1509
608 133
608 179
608 394
608 611
608 680
608 975
608 2230
611 28
611 133
611 179
611 368
611 386
611 413
611 511
611 579
611 601
611 633
611 716
611 718
611 864
611 899
611 938
611 1103
611 1116
611 1265
611 1315
611 1352
611 1488
611 1493
611 1499
611 1564
611 1668
611 1732
611 1755
611 1763
611 1935
611 2050
611 2230
611 2260
611 2325
611 2340
611 2352
611 2378
611 2385
611 2501
611 2505
611 2540
611 2676
617 226
624 112
624 572
625 700
639 1763
655 198
659 11
659 397
659 624
659 625
659 695
663 496
663 501
663 2393
690 2457
698 360
730 770
745 458
745 600
745 666
745 1157
745 1756
745 1763
747 18
747 26
747 43
747 72
747 73
747 83
747 104
747 110
747 112
747 146
747 186
747 198
747 202
747 203
747 204
747 217
747 229
747 234
747 235
747 283
747 315
747 328
747 330
747 336
747 349
747 368
747 386
747 397
747 458
747 494
747 502
747 526
747 527
747 545
747 572
747 579
747 599
747 600
747 609
747 610
747 620
747 628
747 655
747 665
747 680
747 685
747 695
747 699
747 700
747 724
747 737
747 763
747 771
763 241
763 2355
784 845
784 1338
784 1613
809 297
809 812
809 814
809 908
809 919
809 1044
809 1080
809 1190
809 1222
809 1229
809 1365
809 1615
809 1639
812 1044
812 1080
812 1365
814 812
814 1044
814 1365
847 1402
871 1591
878 1023
878 1472
917 784
924 1480
930 805
930 1062
930 1254
954 1461
967 1394
1005 1313
1019 906
1023 1090
1028 206
1028 1037
1028 1042
1028 1435
1028 1610
1029 1090
1062 1323
1080 814
1112 101
1112 926
1112 1073
1112 1403
1112 1512
1112 2415
1118 134
1118 1540
1120 1677
1120 2275
1129 809
1129 814
1129 919
1129 1080
1129 1190
1129 1222
1134 2281
1145 1323
1195 1323
1195 1630
1196 840
1240 912
1241 912
1254 1062
1254 1464
1265 921
1265 1725
1266 836
1266 1576
1272 1604
1281 948
1281 1272
1281 1282
1281 1451
1281 1471
1281 1604
1282 948
1282 1022
1282 1272
1282 1446
1282 1471
1282 1494
1283 823
1283 1318
1283 1547
1285 770
1287 810
1295 886
1301 1266
1306 607
1313 1623
1313 1655
1321 297
1321 814
1321 1041
1321 1080
1321 1190
1321 1222
1328 783
1328 785
1328 927
1328 947
1328 1020
1328 1031
1328 1101
1328 1107
1328 1109
1328 1111
1328 1155
1328 1173
1328 1412
1328 1423
1328 1513
1328 1568
1328 1584
1341 812
1341 1044
1346 1272
1346 1281
1346 1451
1365 1044
1387 1239
1421 1417
1446 948
1451 1272
1451 1604
1461 1357
1462 1657
1463 1399
1463 1405
1463 1406
1488 206
1490 206
1509 589
1509 1144
1511 1357
1512 949
1532 1480
1574 1017
1583 900
1583 2396
1583 2563
1608 949
1612 1517
1615 1229
1615 1639
1629 796
1644 986
1644 1862
1644 1863
1644 2484
1645 204
1645 797
1663 1266
1672 807
1672 899
1672 903
1672 1352
1672 1564
1725 921
1732 853
1732 1493
1732 2225
1746 1948
1751 2691
1789 2469
1810 1766
1817 2464
1818 1813
1818 2029
1818 2073
1820 2383
1820 2569
1860 906
1867 1754
1869 1754
1873 1998
1874 1920
1879 763
1879 1760
1879 2355
1887 2258
1896 1851
1915 1981
1915 2497
1929 2349
1952 2029
1952 2396
1960 1949
1980 2457
1981 2491
1996 1997
2024 737
2041 1744
2044 1149
2044 2683
2049 2218
2055 2352
2056 271
2084 2615
2090 1260
2107 2574
2116 2125
2119 2154
2135 2012
2135 2023
2176 1914
2176 2535
2181 2143
2185 2109
2187 531
2187 2314
2236 2262
2236 2435
2236 2542
2243 831
2243 2244
2243 2245
2247 2263
2247 2701
2260 2501
2262 2435
2262 2542
2263 2701
2268 1753
2268 2275
2268 2445
2275 2191
2275 2445
2275 2522
2306 2594
2346 397
2368 2642
2378 2050
2386 2387
2393 1813
2393 1896
2393 1952
2393 2029
2394 2427
2409 174
2409 2027
2427 507
2427 1888
2427 2391
2427 2548
2427 2591
2428 2042
2429 2281
2432 1755
2438 2091
2448 2311
2459 553
2459 2606
2467 2155
2486 1970
2498 2147
2498 2322
2498 2500
2498 2567
2499 203
2499 2147
2503 2358
2526 2448
2530 2090
2530 2415
2533 2517
2543 2440
2575 2388
2583 1423
2584 2632
2597 2256
2603 1756
2611 1763
2612 26
2612 724
2612 1903
2612 2625
2615 1647
2615 2074
2621 2105
2707 2344
