15 129
15 538
22 1790
22 2257
38 273
38 372
38 563
55 361
55 844
55 1832
55 1905
100 265
100 758
100 1611
120 1959
129 22
129 188
129 538
129 1204
129 1409
129 1973
129 2165
129 2193
129 2220
129 2363
129 2446
129 2451
144 188
144 2102
145 390
145 1218
145 1224
145 1530
145 2248
145 2251
145 2280
145 2286
145 2296
145 2521
163 22
163 42
163 55
163 129
163 141
163 145
163 174
163 188
163 191
163 219
163 237
163 266
163 290
163 309
163 346
163 380
163 390
163 395
163 402
163 415
163 422
163 448
163 523
163 530
163 546
163 563
163 602
163 606
163 624
163 658
163 659
163 689
163 714
163 717
163 727
163 743
163 744
163 757
163 765
163 769
163 781
163 800
163 813
163 856
163 910
163 935
163 940
163 942
163 961
163 966
163 982
163 1030
163 1060
163 1065
163 1069
163 1070
163 1098
163 1099
163 1106
163 1110
163 1113
163 1114
163 1127
163 1130
163 1136
163 1139
163 1153
163 1159
163 1178
163 1205
163 1206
163 1207
163 1218
163 1219
163 1224
163 1225
163 1253
163 1257
163 1274
163 1277
163 1286
163 1303
163 1305
163 1333
163 1334
163 1362
163 1379
163 1380
163 1404
163 1410
163 1457
163 1467
163 1498
163 1515
163 1530
163 1536
163 1544
163 1558
163 1571
163 1572
163 1573
163 1575
163 1590
163 1594
163 1611
163 1650
163 1675
163 1685
163 1689
163 1691
163 1696
163 1715
163 1717
163 1728
163 1729
163 1734
163 1775
163 1784
163 1792
163 1799
163 1807
163 1831
163 1850
163 1872
163 1890
163 1905
163 1943
163 1971
163 2039
163 2077
163 2116
163 2173
163 2175
163 2177
163 2196
163 2200
163 2202
163 2204
163 2232
163 2248
163 2251
163 2259
163 2265
163 2274
163 2280
163 2286
163 2295
163 2296
163 2298
163 2316
163 2361
163 2363
163 2396
163 2451
163 2518
163 2521
163 2554
163 2557
163 2563
163 2564
163 2600
163 2604
163 2638
163 2659
163 2667
163 2673
168 2604
177 1959
188 42
188 120
188 139
188 141
188 262
188 380
188 415
188 523
188 717
188 721
188 755
188 757
189 42
189 163
189 188
189 395
189 2102
189 2664
191 22
191 395
191 448
207 1536
209 2704
219 38
219 402
219 563
219 712
219 757
219 846
219 1325
219 1404
219 1689
219 1738
219 2563
237 329
237 1060
243 53
243 357
247 982
247 1117
247 1261
247 1973
247 2257
247 2446
265 758
273 372
294 191
343 530
343 1098
343 1274
343 1303
343 1571
343 1577
378 1207
380 934
380 1257
380 1473
380 1474
380 1737
380 1784
380 2196
380 2641
402 403
402 681
403 2104
411 2232
415 209
415 712
415 789
415 995
415 1737
415 1790
415 1832
415 1836
415 2103
415 2353
415 2664
422 1691
427 493
427 658
427 1274
427 1577
427 1999
427 2255
427 2295
430 1207
503 2396
523 54
523 277
523 283
523 415
523 465
523 478
523 508
523 540
523 551
523 565
523 870
523 882
523 910
523 961
523 1214
523 1616
523 1676
523 1687
523 1790
523 1921
523 1931
523 2408
523 2442
523 2480
523 2551
523 2600
523 2642
537 357
537 606
537 1204
538 402
538 487
538 1036
538 1204
538 1689
538 1738
538 2165
538 2193
538 2309
562 1117
565 910
565 1790
566 1544
567 970
578 1333
624 11
636 764
636 2173
636 2204
638 2541
638 2673
658 1577
659 11
686 2541
689 1580
689 1826
712 54
712 681
712 1036
712 1965
712 2664
714 833
714 1035
714 1299
717 523
717 1122
717 1877
717 2502
717 2568
727 1799
728 243
728 943
728 1127
728 1305
728 1466
743 65
743 2077
743 2316
744 65
744 743
744 2077
744 2316
757 755
757 1965
764 769
764 1311
764 1581
764 2174
793 42
793 163
793 262
793 856
793 943
793 959
793 1069
793 1070
793 1110
793 1127
793 1139
793 1205
793 1249
793 1330
793 1333
793 1334
793 1380
793 1455
793 1467
793 1691
793 1694
793 1715
793 1734
833 1516
833 2001
846 757
846 781
846 1533
846 2173
846 2204
860 1940
880 815
881 2295
881 2702
902 965
902 966
902 981
910 764
910 811
910 902
910 964
910 966
910 981
910 982
910 1117
910 1131
910 1140
910 1221
910 1253
910 1311
910 1432
910 1481
910 1573
910 1589
910 1590
910 1673
934 844
934 860
934 940
934 1009
934 1631
938 1127
938 2196
941 1441
941 1717
961 1515
964 902
964 965
964 966
964 1140
964 1432
964 1481
964 1673
965 177
965 966
965 981
965 1060
965 1140
965 1253
965 1432
965 1481
965 1590
965 1673
966 1131
966 1140
966 1481
966 1673
967 689
970 1396
974 844
974 970
981 1140
995 956
995 1230
995 1231
995 1232
995 1495
995 1971
995 1985
995 2139
1016 727
1016 728
1016 856
1016 943
1016 1070
1016 1110
1016 1205
1016 1305
1016 1466
1016 1670
1016 1729
1034 1730
1060 1890
1060 2039
1063 1065
1063 1628
1065 1279
1069 422
1069 1096
1069 1455
1069 1685
1079 1009
1106 1065
1106 1305
1113 1380
1114 602
1114 1117
1114 1261
1114 1371
1114 1588
1114 1603
1114 1696
1117 1225
1117 1261
1117 1588
1117 1603
1117 2332
1130 959
1130 1334
1134 1264
1134 2281
1136 727
1136 800
1136 935
1136 1018
1136 1030
1136 1060
1136 1063
1136 1142
1136 1286
1136 1333
1136 1516
1136 1558
1136 1575
1136 1594
1136 1740
1139 780
1139 1018
1139 1572
1139 1598
1140 811
1140 1311
1140 2294
1142 1018
1153 856
1153 942
1153 1063
1153 1065
1153 1070
1153 1077
1153 1113
1153 1127
1153 1204
1153 1205
1153 1219
1153 1257
1153 1410
1153 1455
1153 1611
1153 1675
1159 1485
1159 2564
1167 1330
1167 1331
1167 1332
1175 1325
1175 1628
1178 854
1178 956
1178 995
1178 1034
1178 1099
1178 1230
1178 1231
1178 1232
1178 1362
1178 1476
1178 1688
1178 1690
1178 1736
1178 1737
1184 120
1184 141
1184 781
1184 844
1184 860
1184 1362
1184 1784
1184 2199
1206 789
1206 1544
1207 900
1216 1035
1216 1299
1216 1571
1218 714
1218 833
1218 1035
1218 1299
1218 1424
1218 1516
1218 1530
1218 1571
1218 1670
1221 1797
1221 2703
1224 2673
1231 854
1231 956
1231 1230
1231 1232
1231 1985
1231 2086
1249 1054
1249 1408
1249 1734
1253 811
1253 1131
1253 1311
1257 1719
1257 1872
1257 2087
1257 2175
1257 2259
1277 1476
1277 2277
1303 1274
1303 2347
1305 1065
1305 1098
1305 1274
1305 1575
1305 1740
1319 1391
1333 1207
1333 1224
1333 1225
1333 1369
1333 1467
1333 1514
1333 1708
1378 970
1379 1611
1380 1611
1380 1717
1392 1299
1404 755
1404 1143
1408 1921
1409 789
1409 958
1409 1797
1409 2600
1409 2703
1424 1799
1439 53
1439 803
1441 1717
1455 1694
1466 943
1466 1650
1473 1249
1473 1474
1474 1249
1495 1231
1498 1351
1523 343
1523 813
1523 815
1523 880
1523 1060
1523 1136
1530 1424
1533 781
1533 900
1533 970
1533 1277
1533 1730
1536 1518
1536 2504
1541 1395
1558 2564
1563 53
1563 357
1572 1598
1573 764
1573 1432
1573 1481
1573 1673
1580 1577
1583 2396
1583 2563
1592 1734
1598 780
1625 1580
1631 2330
1646 145
1646 943
1662 1036
1685 422
1685 1455
1689 38
1689 1738
1690 995
1696 1334
1696 1769
1696 1771
1696 1872
1696 1943
1696 1971
1696 2175
1696 2250
1696 2330
1715 1386
1715 1734
1719 1216
1719 2363
1728 129
1728 168
1728 1110
1728 1249
1728 1474
1728 1536
1728 1775
1729 1110
1736 1690
1737 1736
1738 1264
1767 2257
1768 2257
1771 1872
1775 1771
1775 2082
1775 2116
1784 55
1784 844
1784 2199
1784 2688
1784 2705
1793 1775
1793 2082
1795 1775
1795 2082
1796 833
1796 1030
1796 1917
1831 1832
1831 1836
1832 1836
1834 1905
1839 290
1839 2688
1839 2705
1840 2688
1840 2705
1850 2554
1878 2571
1911 290
1911 860
1911 1098
1911 1719
1911 2087
1911 2206
1921 2402
1931 1408
1931 1921
1931 2277
1931 2402
1936 1943
1940 2250
1946 1030
1946 2516
1952 2396
1969 2200
1969 2363
1980 262
1980 758
1980 2202
1980 2457
1999 2003
1999 2515
2003 2515
2030 743
2030 744
2030 2077
2030 2316
2030 2659
2039 1890
2055 2352
2058 755
2058 757
2058 2232
2065 1985
2065 2086
2089 714
2089 1117
2089 1261
2089 1530
2089 1603
2101 2470
2102 2664
2116 2125
2128 2030
2128 2479
2130 2030
2131 2030
2133 2199
2133 2206
2152 1277
2164 2521
2165 1143
2165 2193
2165 2363
2170 1325
2173 2204
2175 120
2175 1009
2175 1362
2175 1719
2175 1745
2175 1940
2175 2087
2175 2206
2175 2249
2175 2250
2175 2259
2177 1883
2192 177
2192 1743
2200 1797
2200 2703
2202 1303
2202 1571
2202 2638
2205 1799
2206 1925
2206 1984
2211 854
2211 1232
2211 1971
2216 2688
2216 2705
2220 290
2220 1409
2220 1940
2220 1950
2220 1958
2220 2226
2220 2252
2220 2563
2220 2600
2226 1950
2226 1958
2226 2139
2226 2478
2237 2170
2237 2274
2238 2271
2248 2296
2249 2271
2250 2271
2251 2296
2252 2271
2252 2277
2254 2039
2254 2347
2259 1959
2259 2271
2261 1719
2261 2087
2261 2206
2261 2259
2265 2347
2267 2196
2269 2277
2280 2286
2298 2518
2309 403
2309 681
2309 1325
2317 2624
2319 2479
2330 1769
2334 54
2334 209
2334 602
2334 1588
2334 1790
2334 1832
2334 1836
2334 1917
2334 2103
2334 2332
2334 2353
2361 139
2361 2175
2361 2216
2379 1984
2379 2206
2392 1925
2396 2563
2407 1631
2407 2704
2412 2255
2444 2257
2451 1973
2451 2446
2470 1230
2470 1277
2470 2643
2470 2646
2490 1807
2529 2521
2564 1785
2598 854
2598 956
2598 1230
2598 1232
2598 1631
2598 2330
2604 1631
2604 2330
2624 1204
2624 1878
2624 1931
2624 2277
2624 2702
2630 1826
2641 1745
2643 2646
2659 743
2659 2316
2667 2295
2667 2381
2667 2429
2667 2504
2673 995
2673 2541
2687 764
