168 475
168 1756
228 52
228 119
228 259
228 323
228 900
228 1692
228 2465
228 2617
240 61
240 2308
294 1353
560 938
611 938
745 1756
745 2165
803 53
803 357
803 1439
803 1563
934 1353
972 953
1174 902
1351 900
1441 1638
1565 899
1565 1088
1583 900
1663 1266
1663 1756
1663 2504
1688 1228
1796 2001
2047 2111
2082 2178
2082 2545
2089 357
2089 1965
2133 1925
2220 2139
2220 2478
2264 2519
2302 403
2302 1353
2302 1880
2302 2104
2302 2111
2317 1353
2429 1143
2429 2152
2429 2281
2429 2317
2429 2624
2512 1930
2603 1756
2613 1756
2637 2652
2652 240
