13 482
30 231
30 285
30 679
30 1148
30 2276
32 679
75 288
75 1854
75 1855
75 2122
75 2299
82 1553
88 44
88 116
88 225
88 760
150 50
150 643
163 266
163 1498
166 457
166 1125
188 262
227 2319
228 259
228 2465
236 156
236 1617
245 172
256 430
256 634
256 928
256 983
256 2225
256 2369
258 1111
262 266
284 64
285 231
285 1148
288 2157
289 64
289 1278
289 1498
289 2568
318 445
318 686
318 991
318 1173
318 2310
318 2333
318 2427
320 259
414 440
414 908
414 1442
414 1445
414 1877
426 303
426 318
426 937
426 2369
427 2658
430 172
430 236
430 683
430 686
430 1568
430 1617
430 1698
430 2137
430 2593
431 2137
438 96
441 297
454 183
454 541
454 1368
477 2658
478 52
478 96
478 215
478 218
478 227
478 274
478 303
478 396
478 470
478 497
478 520
478 568
478 618
478 754
479 92
479 136
479 147
479 418
479 449
479 478
479 649
479 1354
479 1627
479 2300
479 2636
486 64
486 284
486 285
486 1148
486 1278
486 2276
523 478
523 540
523 1214
534 313
539 183
539 454
539 541
539 1209
539 1210
539 1453
539 1665
540 543
540 603
540 1121
540 1640
541 183
551 2215
551 2473
562 1401
565 478
565 1401
566 449
566 858
566 2658
578 13
578 482
578 1122
578 1333
578 1877
580 922
580 1212
581 580
582 259
582 818
582 1498
582 1792
583 50
583 64
583 284
583 643
583 1126
583 1214
583 1278
583 2371
583 2398
583 2568
593 300
593 594
612 289
612 1046
629 612
632 683
634 430
634 686
634 1513
634 2593
635 172
635 256
635 634
635 683
635 686
638 441
638 449
638 862
638 2465
643 49
643 50
643 222
643 1904
643 2489
649 96
649 166
649 457
649 752
649 1643
649 2123
649 2294
649 2403
649 2560
649 2581
670 603
686 44
686 116
686 119
686 223
686 225
686 381
686 683
686 760
686 1273
686 1698
686 2541
686 2557
696 215
717 1122
717 1877
717 2502
717 2568
752 1621
785 1513
793 262
801 313
801 1475
817 818
817 819
818 819
824 1707
825 1707
843 1101
843 2658
857 2060
858 281
858 991
858 2035
862 785
862 1155
862 1407
862 1513
862 2364
883 1210
883 1665
885 831
887 983
922 923
922 1233
922 1416
923 1233
923 1416
951 1401
983 928
983 1002
983 1302
983 1531
983 1735
986 136
986 862
986 1642
986 2605
986 2616
1002 1735
1019 862
1019 927
1046 1344
1047 603
1047 1355
1047 1420
1053 1568
1084 858
1084 991
1107 1617
1109 2151
1111 1101
1111 1412
1111 2292
1121 643
1121 806
1121 1046
1121 1138
1121 1640
1122 594
1122 799
1122 1194
1123 75
1123 539
1123 541
1123 1176
1123 1188
1123 1483
1125 817
1125 818
1125 857
1125 1483
1126 580
1126 923
1126 1212
1126 1497
1126 2489
1138 806
1138 1420
1138 1597
1140 2294
1148 1355
1148 1597
1154 819
1154 1531
1155 783
1155 785
1155 1407
1164 1584
1174 303
1174 414
1194 594
1212 817
1212 818
1212 819
1212 1552
1214 1635
1215 580
1215 818
1215 819
1215 824
1215 825
1215 1209
1215 1699
1215 1707
1234 937
1270 236
1271 236
1328 783
1328 785
1328 927
1328 947
1328 1101
1328 1107
1328 1111
1328 1155
1328 1412
1328 1513
1328 1568
1328 1584
1339 1111
1339 1570
1344 1047
1344 1121
1344 1138
1345 1046
1345 1047
1345 1344
1345 1640
1348 612
1348 1047
1354 75
1354 313
1354 806
1354 911
1354 992
1354 994
1354 1001
1354 1039
1354 1040
1354 1047
1354 1089
1354 1123
1354 1176
1354 1188
1354 1304
1354 1317
1354 1420
1354 1426
1354 1465
1354 1674
1354 1680
1354 1695
1367 817
1368 991
1377 288
1377 313
1377 1642
1385 1653
1407 783
1431 1412
1453 1152
1453 1210
1475 1642
1483 857
1483 2052
1483 2060
1496 1125
1497 580
1497 901
1497 1163
1497 1212
1498 1049
1498 1071
1498 1163
1498 1351
1498 1483
1498 2158
1498 2398
1498 2450
1534 289
1534 1122
1534 1148
1534 1278
1534 1498
1535 289
1537 289
1537 1535
1539 449
1539 2091
1542 801
1553 901
1553 1552
1554 901
1554 951
1554 1401
1554 1552
1554 1553
1570 634
1570 1109
1570 1111
1570 1164
1601 1155
1621 300
1621 594
1621 824
1621 1194
1621 1448
1626 1164
1626 1407
1626 1584
1626 1698
1626 1735
1635 1706
1640 603
1640 1355
1642 313
1644 318
1644 986
1644 2364
1644 2484
1644 2614
1644 2616
1648 1355
1674 1123
1674 1680
1678 1570
1680 1123
1699 799
1706 799
1706 1385
1804 2289
1805 1804
1805 2289
1812 783
1812 785
1812 862
1812 1155
1812 1407
1812 1513
1812 2364
1854 1855
1854 1976
1854 2048
1854 2122
1854 2299
1854 2482
1854 2645
1855 2122
1855 2482
1860 548
1860 683
1860 906
1864 1854
1864 1855
1864 2122
1892 2131
1980 262
1989 1882
2037 288
2037 1584
2037 2151
2057 790
2057 1510
2057 2465
2057 2695
2061 96
2061 215
2061 2062
2066 2062
2075 1855
2091 303
2123 2482
2128 2030
2128 2479
2131 2030
2131 2319
2151 1584
2157 2565
2215 344
2215 675
2215 1877
2215 2057
2215 2650
2299 1855
2303 858
2303 1951
2303 2035
2319 2479
2342 2151
2342 2593
2371 1126
2371 2489
2372 1126
2372 2398
2372 2489
2380 215
2380 288
2380 2294
2398 2184
2398 2399
2403 2581
2423 862
2428 44
2428 116
2428 225
2428 760
2428 1860
2430 1860
2438 2091
2466 831
2466 1830
2466 2240
2482 2645
2508 2137
2529 2294
2544 2568
2551 2473
2556 858
2556 1904
2597 1698
2597 2256
2605 951
2605 1401
2605 2502
2607 1987
2607 2310
2607 2369
2614 986
2614 2484
2614 2616
2616 2484
2647 2658
2656 799
2656 1699
2658 691
2658 1559
2658 1860
2706 1046
2706 1138
2706 1640
