66 34
66 69
66 149
66 183
66 215
66 288
66 1248
66 1531
66 1698
66 2122
66 2157
66 2294
66 2310
66 2359
66 2441
66 2520
87 47
87 2245
136 1413
136 2231
136 2399
136 2635
240 61
240 2308
251 482
251 1877
378 2447
486 231
486 1597
551 482
581 49
581 50
581 222
597 434
612 2568
629 221
688 835
688 1248
690 445
690 2457
835 1248
887 1531
902 981
910 981
965 981
981 1140
985 2038
986 2484
1048 984
1084 2035
1102 1413
1112 2415
1151 1350
1174 1033
1234 13
1234 1263
1339 434
1534 1163
1534 1556
1534 1597
1535 629
1535 1348
1537 629
1537 1348
1537 1556
1574 484
1574 1017
1636 245
1636 928
1636 983
1636 1073
1636 1684
1636 2074
1647 2074
1843 2626
2052 2062
2060 2062
2071 1809
2091 585
2091 1944
2091 2617
2243 831
2243 2244
2243 2245
2276 1864
2338 1024
2338 1478
2338 1986
2338 2127
2338 2443
2338 2677
2447 2010
2471 2245
2473 434
2473 1192
2492 2547
2520 2359
2530 2415
2583 2310
2585 1263
2585 1809
2585 1830
2585 2441
2607 2074
2615 2074
2622 2033
2626 2399
2626 2656
2635 2231
2637 2652
2652 240
2652 2308
2665 2395
2692 1370
2692 2038
2692 2172
2706 1752
