86 249
86 373
86 652
87 47
87 383
87 2245
136 92
136 159
136 244
136 1102
136 1370
136 1413
136 1479
136 1776
136 2172
136 2231
136 2399
136 2487
136 2543
136 2580
136 2635
204 597
204 2650
228 119
228 2617
236 156
249 652
286 178
286 1963
286 2195
314 156
314 1244
314 1684
319 29
344 1
344 316
344 335
344 348
344 521
344 675
344 963
344 1007
344 1244
344 1260
344 1267
344 1275
344 1312
344 1442
344 1445
344 1622
344 1627
344 1671
344 1881
344 2032
344 2171
344 2229
344 2290
344 2291
344 2339
344 2426
344 2441
344 2589
344 2609
344 2617
348 1244
348 1596
378 178
378 286
378 335
378 396
378 585
378 1061
378 1275
378 1963
378 2195
378 2290
378 2291
379 176
379 756
382 29
382 1837
382 2132
414 1442
414 1445
417 317
417 508
418 135
418 1312
426 29
426 303
426 318
426 335
426 836
426 937
426 1061
426 1187
426 1275
426 1486
426 1528
426 1576
426 2126
426 2369
426 2431
429 29
431 156
478 396
479 136
479 1627
479 2300
479 2636
509 314
521 156
521 2312
585 335
585 911
585 1061
585 1275
585 2290
585 2291
597 106
597 224
597 434
652 373
654 135
654 1260
675 597
675 1429
675 1442
675 1445
675 2339
686 119
719 87
756 176
837 1686
877 1651
985 1102
986 136
1007 837
1007 1919
1007 2217
1007 2426
1008 1011
1008 1486
1010 877
1010 1011
1010 1182
1010 1651
1019 1256
1061 1010
1061 1244
1061 1578
1061 1651
1081 521
1082 521
1082 1081
1082 2312
1102 1370
1102 1413
1102 1479
1151 1350
1177 1620
1177 1627
1182 1073
1182 1684
1182 1726
1234 13
1234 790
1234 937
1234 1187
1234 1263
1234 1275
1234 1510
1244 1596
1256 881
1259 136
1259 521
1269 1312
1271 236
1275 2290
1275 2291
1275 2617
1301 960
1301 1266
1301 2346
1312 1260
1312 1622
1322 1622
1322 2539
1327 1165
1428 1312
1428 1622
1428 2079
1428 2229
1428 2424
1428 2493
1428 2539
1428 2617
1429 1208
1434 1208
1442 1135
1444 1442
1445 1442
1489 837
1519 963
1519 1177
1528 151
1528 1487
1539 136
1539 378
1539 449
1539 2091
1569 208
1569 430
1569 877
1569 1010
1569 1011
1569 1182
1569 1327
1569 1486
1569 1587
1569 1679
1569 1684
1578 877
1578 1010
1578 1182
1578 1622
1578 1651
1595 1301
1595 1776
1601 224
1601 1428
1601 1429
1620 1180
1644 1256
1679 1726
1684 1726
1849 2163
1919 2431
1963 2195
2009 2534
2021 87
2032 2171
2070 2602
2070 2640
2079 2609
2080 2609
2091 585
2091 2617
2126 2213
2126 2339
2126 2591
2132 1837
2142 2096
2149 1955
2149 2188
2171 2031
2189 2188
2189 2190
2189 2365
2190 1955
2190 2149
2190 2188
2190 2365
2194 1955
2194 2149
2194 2188
2194 2189
2194 2190
2215 344
2215 675
2215 2650
2253 2591
2282 1686
2282 2217
2290 2213
2291 2290
2312 2587
2329 1428
2329 2589
2426 1686
2426 1919
2426 2126
2426 2282
2426 2431
2426 2493
2431 2591
2449 1881
2449 2158
2449 2450
2450 1881
2466 2240
2539 2213
2543 1776
2585 2441
2589 2424
2636 2300
2663 2229
2668 2365
2675 1256
2692 1370
