3 197
3 463
3 601
35 34
37 563
38 563
39 24
39 82
45 220
57 306
60 252
60 688
63 153
63 210
63 1546
68 1632
68 2007
71 2442
82 239
82 295
82 305
82 410
82 548
82 1440
82 1553
85 425
85 2368
128 103
134 1782
136 92
162 173
162 775
167 559
173 575
173 1378
173 2485
204 274
207 688
210 148
210 644
219 563
247 500
247 563
247 982
247 1117
247 1261
247 1973
247 2257
247 2446
269 24
281 460
294 128
294 153
294 277
294 465
294 466
294 477
294 483
294 564
294 565
294 566
294 588
295 197
295 210
295 220
295 1012
295 1316
295 1782
295 2078
306 1376
333 463
367 440
410 2
410 298
410 305
412 688
414 440
427 1975
427 2412
427 2437
427 2453
460 148
465 85
465 103
465 118
465 466
465 565
465 566
465 2027
465 2368
465 2672
466 16
471 103
471 295
471 1632
471 1859
477 229
477 333
477 427
477 463
477 1645
477 1766
477 2409
477 2658
478 274
478 568
479 92
483 277
483 367
483 463
483 650
483 749
483 933
490 5
490 6
490 45
490 213
490 220
490 492
490 734
492 45
492 213
492 734
492 1186
492 2323
514 506
523 277
523 465
523 551
523 565
523 870
523 882
523 1616
523 1687
523 2408
523 2442
523 2480
523 2551
551 482
551 2215
551 2473
558 1137
558 1816
562 60
562 252
562 370
562 440
562 671
562 1117
562 1183
562 1401
562 1889
562 2014
562 2018
563 500
564 463
565 2
565 34
565 57
565 60
565 82
565 85
565 92
565 103
565 118
565 128
565 173
565 239
565 244
565 283
565 295
565 305
565 306
565 333
565 367
565 385
565 410
565 425
565 466
565 477
565 478
565 492
565 502
565 548
565 554
565 564
565 566
565 575
565 601
565 621
565 633
565 644
565 671
565 691
565 738
565 773
565 842
565 882
565 910
565 1012
565 1213
565 1316
565 1373
565 1376
565 1378
565 1401
565 1438
565 1440
565 1529
565 1540
565 1546
565 1585
565 1616
565 1676
565 1727
565 1741
565 1782
565 1790
565 1859
565 1957
565 1975
565 2027
565 2118
565 2442
565 2472
565 2480
565 2485
565 2628
565 2629
565 2642
565 2672
566 16
566 34
566 173
566 186
566 274
566 321
566 333
566 449
566 466
566 472
566 477
566 483
566 588
566 633
566 671
566 688
566 699
566 733
566 858
566 1447
566 1544
566 1643
566 1782
566 1816
566 2221
566 2480
566 2485
566 2658
567 21
567 277
567 385
567 502
567 970
567 1828
575 882
575 1378
575 2485
588 186
621 471
621 1859
633 197
636 118
636 764
636 2027
636 2173
636 2174
636 2204
636 2233
636 2672
649 1643
650 472
650 1557
656 148
656 650
656 657
656 773
671 1599
688 252
688 835
688 1248
691 1557
699 588
734 213
738 210
738 564
738 575
738 621
738 1183
738 1213
738 1376
738 1585
738 1727
738 1741
738 2628
738 2629
740 1703
745 477
745 2437
749 197
750 244
764 1581
764 2174
804 1585
804 1664
807 1438
843 568
843 575
843 1101
843 2658
858 281
875 370
875 554
875 775
875 933
875 1192
882 1012
882 1316
882 1616
898 1687
910 1253
910 1573
910 1589
929 2442
961 1515
965 1253
967 57
967 306
988 1515
1006 472
1006 650
1118 1540
1192 321
1193 1183
1202 1183
1217 1349
1253 811
1253 1131
1253 1311
1378 21
1378 82
1378 239
1378 559
1378 882
1378 970
1378 1440
1378 1540
1515 1447
1515 1581
1515 1711
1529 882
1529 1314
1540 842
1540 1045
1540 1443
1546 1376
1559 1791
1573 636
1573 764
1573 1432
1573 1481
1573 1673
1573 2174
1581 657
1581 1447
1581 1711
1643 773
1643 868
1643 1189
1649 148
1649 691
1649 868
1649 1213
1649 1557
1649 1643
1649 1687
1687 54
1687 148
1687 773
1687 870
1687 1137
1687 1189
1687 1228
1687 1557
1687 1632
1688 1228
1693 1228
1697 16
1697 804
1697 1599
1697 1703
1703 1559
1727 1376
1741 492
1741 601
1767 500
1767 2257
1768 2257
1779 2007
1780 2007
1841 564
1841 1741
1859 548
1859 1791
1860 548
1934 1816
1954 98
1954 321
1954 978
1954 2150
1954 2183
1954 2222
1975 2408
1975 2689
2014 1828
2014 2018
2018 1828
2118 2442
2179 321
2179 2150
2179 2183
2207 79
2207 1786
2222 2150
2305 321
2305 2150
2305 2183
2328 1782
2341 559
2368 2642
2406 2078
2408 2145
2409 2027
2412 1758
2412 2255
2419 492
2430 1860
2437 2433
2444 500
2444 2257
2472 2476
2473 1192
2480 653
2480 2485
2485 749
2485 1378
2485 1816
2494 2063
2536 502
2536 1957
2536 2629
2551 2473
2586 1889
2586 2113
2586 2486
2628 2629
2647 2430
2647 2658
2655 1975
2658 691
2666 2411
2666 2453
2687 636
2687 764
2687 2174
2689 2209
