4 170
12 155
27 532
41 23
41 94
41 115
41 352
41 533
41 725
41 889
41 892
41 1713
41 1733
41 1982
41 2456
48 2456
62 423
62 2474
62 2566
70 999
74 19
74 71
74 252
74 263
74 310
74 345
74 377
74 511
74 547
74 622
74 661
74 787
74 867
74 881
74 987
74 1676
74 1928
74 2013
74 2124
74 2390
76 131
76 181
76 250
76 345
76 392
76 518
76 661
76 694
76 869
76 975
76 1128
76 1548
76 1934
76 2327
76 2390
76 2532
84 12
84 27
84 155
84 715
84 950
84 998
84 1347
84 1550
84 1803
88 371
99 1255
99 1613
99 1619
99 1722
99 1803
99 2578
99 2592
99 2679
107 108
107 498
107 898
107 1937
108 304
108 498
108 898
115 2421
126 94
126 2208
138 115
138 416
138 892
155 117
155 513
157 371
157 897
157 2417
161 95
161 684
161 713
161 996
161 1147
161 2311
192 280
193 74
193 280
248 105
248 419
250 31
250 33
250 107
250 108
250 170
250 304
250 498
250 499
250 584
250 639
250 694
250 708
250 736
260 619
260 2069
260 2166
260 2524
280 10
292 904
295 2078
324 185
324 278
324 389
325 211
325 1201
326 278
326 324
327 324
327 326
327 945
327 1532
327 1899
332 185
332 324
332 389
332 1064
347 84
347 452
347 713
347 998
347 999
358 95
358 1255
371 2507
389 185
389 1937
392 154
398 248
398 419
398 776
419 260
419 1747
420 2590
423 557
423 1934
423 2425
429 29
429 1514
430 632
442 401
452 117
468 182
468 491
468 896
468 2377
490 5
491 182
491 2377
492 1186
513 452
515 637
518 2532
519 280
519 2590
533 777
558 423
558 557
558 905
558 1137
558 1532
558 1555
558 1641
558 1816
558 1934
558 2034
558 2463
566 2221
570 1381
570 1922
576 1381
576 1922
577 250
577 312
577 389
577 401
577 1502
577 1532
577 2034
577 2492
591 1186
611 511
622 345
623 637
623 1064
623 1937
623 2140
632 401
632 683
635 442
635 632
639 584
639 1763
645 51
645 211
645 312
645 742
661 1191
684 525
719 1666
719 1838
719 2561
725 48
725 93
759 23
766 2532
772 51
772 312
772 742
772 768
772 1147
772 1240
772 1241
772 1502
772 2076
772 2166
772 2167
779 684
782 1532
784 1338
784 1613
787 1437
788 1268
788 1414
838 1458
888 41
888 896
888 1731
891 1437
892 889
894 1255
898 1687
904 115
904 352
904 889
904 892
904 1372
904 1733
905 1397
909 827
913 827
913 909
917 784
917 1338
952 1064
971 1602
976 905
1015 852
1015 996
1015 1338
1020 2577
1076 1078
1086 1076
1086 1078
1086 1545
1086 1582
1086 1641
1112 1403
1112 1512
1116 1593
1172 1141
1172 2108
1172 2341
1240 84
1240 742
1240 841
1240 897
1240 912
1240 950
1240 987
1240 998
1240 999
1240 1086
1240 1141
1240 1147
1240 1201
1240 1241
1240 1347
1241 84
1241 912
1241 950
1241 998
1241 1141
1241 1147
1241 1347
1255 95
1268 976
1268 1186
1268 1414
1268 1757
1268 1842
1268 1898
1268 2140
1268 2323
1287 499
1287 787
1287 905
1288 107
1288 108
1288 499
1288 787
1288 1091
1288 1128
1288 1414
1288 1502
1290 423
1290 429
1309 1186
1324 260
1324 1543
1324 1747
1324 2076
1326 105
1326 248
1326 419
1326 776
1326 971
1326 1747
1338 855
1347 1147
1372 352
1372 896
1374 869
1393 905
1393 976
1393 1097
1393 1128
1393 1397
1393 1414
1393 1437
1393 1502
1414 945
1419 525
1425 525
1425 684
1427 525
1427 1550
1459 2078
1459 2221
1459 2404
1461 1288
1461 1593
1463 999
1491 851
1524 1381
1527 211
1527 260
1527 419
1527 827
1527 909
1527 971
1527 1086
1527 1240
1527 1543
1527 1747
1527 2076
1527 2088
1527 2166
1527 2221
1527 2420
1527 2524
1527 2525
1527 2561
1532 925
1532 1480
1532 1487
1548 1291
1548 1374
1550 684
1550 1158
1550 1419
1550 1425
1550 1555
1550 1624
1555 1158
1582 632
1582 1545
1582 2677
1593 1288
1608 431
1608 987
1608 2225
1613 1162
1613 1614
1619 1613
1619 1614
1654 852
1654 855
1654 1338
1666 1133
1713 115
1713 138
1713 416
1713 468
1713 889
1713 892
1713 1716
1713 1870
1713 1978
1713 1982
1713 1991
1713 1992
1713 2002
1713 2153
1713 2510
1714 1458
1716 41
1716 138
1716 892
1716 1982
1716 1991
1718 2138
1722 1619
1723 1619
1723 1722
1747 2160
1747 2434
1757 1842
1759 2288
1761 2208
1764 1938
1765 1938
1770 1764
1770 1765
1770 1938
1800 342
1800 1901
1800 1907
1800 2016
1803 1913
1838 2380
1838 2514
1894 827
1894 909
1894 1527
1894 2524
1898 278
1898 2140
1906 2421
1908 442
1908 1582
1908 1647
1908 1838
1908 1893
1908 2561
1909 632
1909 1582
1913 416
1922 2026
1928 2114
1934 1816
1937 1064
1983 2078
1994 1800
1994 1995
1994 2097
1994 2241
1995 1800
1995 1907
1995 2097
2008 2022
2015 2034
2016 342
2016 467
2017 1479
2017 1582
2017 2677
2025 2377
2025 2693
2069 2434
2076 211
2088 248
2088 776
2088 2167
2088 2524
2088 2525
2108 1898
2108 2140
2114 1923
2124 2114
2153 115
2153 889
2153 1716
2153 1977
2153 1982
2153 1992
2153 2002
2153 2008
2153 2022
2153 2025
2153 2219
2153 2318
2153 2699
2164 5
2164 515
2164 1749
2164 2094
2164 2521
2166 776
2166 971
2166 2167
2166 2524
2167 2161
2169 2420
2180 2577
2208 2313
2219 1977
2219 2008
2219 2022
2221 1757
2285 2138
2285 2311
2292 1899
2292 2140
2293 1937
2301 1901
2301 1907
2301 2588
2318 491
2318 1977
2327 2034
2342 2577
2362 1870
2362 2510
2367 2577
2384 2460
2404 2221
2406 2078
2419 492
2419 1268
2421 74
2421 263
2421 345
2421 1868
2421 2590
2434 105
2448 2311
2456 1742
2462 401
2462 1986
2463 1934
2467 2468
2474 2078
2492 1900
2492 2547
2494 2063
2508 632
2508 2577
2510 416
2510 1977
2510 1978
2510 1991
2510 2002
2532 2417
2549 280
2559 51
2559 260
2559 841
2559 1241
2559 1747
2559 2076
2561 2380
2566 2531
2573 1942
2590 388
2592 1852
2596 2669
2596 2680
2596 2686
2679 2578
2697 1759
2697 2288
2697 2698
2697 2700
2698 1759
2698 2700
