48 1783
48 2682
62 324
62 332
62 945
62 2425
71 661
71 677
71 929
71 1559
71 1641
71 1923
71 2442
74 154
74 505
74 604
74 680
74 871
74 906
74 949
74 975
74 1017
74 1024
74 1103
74 1220
74 1634
74 2266
74 2284
74 2335
74 2513
74 2654
81 647
99 1852
125 1857
136 1479
136 2543
137 138
137 416
137 748
157 1375
159 2543
160 1857
192 510
208 2343
246 560
270 276
275 464
276 1993
276 2546
279 464
324 326
339 270
339 495
339 1549
339 1602
342 270
342 276
342 339
342 467
342 495
342 729
342 776
342 1945
342 1993
342 2546
345 117
345 261
345 1924
345 2266
345 2389
356 510
378 218
427 250
427 312
427 584
427 954
430 1020
430 2343
453 2034
464 467
464 573
467 270
467 276
467 495
467 729
467 2000
478 218
485 711
485 1838
485 2380
485 2514
485 2561
492 2323
495 270
513 117
519 510
552 723
557 423
558 376
558 2660
560 1375
560 2287
573 270
577 2660
641 376
641 484
641 1739
642 484
642 697
646 450
704 376
719 1133
729 67
729 1945
729 1993
740 929
748 138
748 1933
759 93
759 95
759 99
759 161
759 292
788 945
788 2323
788 2425
802 973
871 1591
895 1436
917 850
929 2442
954 450
954 1461
954 1591
969 954
985 159
985 1102
985 2038
985 2066
993 973
1029 1090
1029 2456
1053 1463
1102 1479
1111 2292
1156 1013
1168 802
1172 623
1172 915
1267 1335
1287 810
1287 945
1287 976
1287 1397
1287 1414
1287 1437
1290 218
1290 2169
1294 915
1308 1507
1322 1020
1326 1602
1326 2144
1326 2161
1326 2434
1328 1020
1329 1020
1329 2127
1335 885
1335 944
1335 1024
1335 1032
1335 1223
1335 1270
1335 1478
1335 1607
1336 1027
1336 1478
1337 944
1337 1020
1337 1335
1337 2343
1339 1335
1339 2443
1339 2677
1452 1375
1461 1357
1463 931
1463 1361
1463 1399
1463 1405
1463 1406
1503 1108
1503 1276
1503 1308
1503 1504
1503 1507
1503 1525
1504 1108
1504 1276
1504 1308
1504 1415
1504 1507
1504 1525
1506 1108
1506 1276
1506 1308
1506 1415
1506 1504
1506 1507
1506 1525
1507 1108
1511 1357
1512 949
1512 999
1512 1087
1512 1235
1512 1267
1512 1335
1512 1463
1512 1608
1512 1671
1525 1276
1525 1415
1559 929
1574 484
1593 978
1593 1116
1593 1437
1602 1549
1608 949
1608 1220
1618 2343
1660 952
1660 1083
1681 1682
1697 929
1777 2064
1802 1777
1802 2064
1817 2464
1857 2681
1894 2144
1908 2514
1909 1545
1909 2677
1910 705
1910 1668
1910 2081
1910 2159
1910 2242
1910 2366
1910 2375
1910 2416
1910 2488
1910 2506
1910 2575
1926 748
1933 36
1941 748
1941 1926
1993 1945
1993 2546
2020 1857
2081 2159
2081 2366
2115 276
2115 2000
2136 2148
2223 510
2234 2208
2235 2208
2242 2458
2315 2287
2338 1478
2338 2127
2338 2443
2338 2677
2341 559
2341 623
2341 788
2341 1757
2341 1842
2341 2425
2343 2443
2348 1783
2348 2682
2366 2458
2366 2506
2366 2575
2375 2416
2380 215
2380 288
2380 1838
2380 2294
2380 2514
2380 2561
2401 1988
2419 2323
2421 1829
2421 1856
2421 2266
2421 2389
2421 2654
2428 44
2428 116
2428 225
2428 760
2428 1860
2428 2021
2428 2042
2434 2160
2461 1076
2461 1078
2461 2492
2474 2425
2506 2416
2506 2458
2506 2575
2529 2294
2529 2521
2540 1857
2543 1479
2543 1776
2543 2409
2543 2440
2543 2674
2558 450
2558 2514
2575 2388
2620 1972
2634 1197
2634 1876
2660 1933
2661 1910
2661 2159
2661 2242
2661 2375
2661 2506
