15 322
25 20
25 456
25 778
25 1897
52 2487
52 2580
68 522
78 469
78 2681
88 208
88 371
102 1964
102 2333
102 2583
109 171
109 459
109 488
109 507
109 535
109 635
109 672
109 778
109 884
109 955
109 967
109 1074
109 1296
109 1661
109 1888
109 2053
109 2054
109 2315
114 171
136 159
136 2172
136 2487
136 2580
140 323
142 227
157 78
157 181
157 214
157 371
157 393
157 560
157 716
157 740
157 766
157 897
157 916
157 979
157 1038
157 1075
157 1289
157 1340
157 1452
157 1550
157 1637
157 1718
157 2019
157 2021
157 2095
157 2417
157 2540
157 2680
159 2066
159 2172
159 2543
159 2674
160 322
164 517
177 885
177 1489
177 1959
181 518
208 1270
208 2343
214 78
227 296
227 823
227 1318
227 1547
227 2319
228 52
246 560
256 430
256 2225
267 20
299 596
299 1827
299 2083
299 2110
308 9
308 1456
308 2028
318 1173
318 2333
319 1273
334 20
334 267
360 151
375 836
375 1576
378 227
378 396
378 692
378 1027
378 1061
378 1207
378 1275
378 1678
378 1963
378 2290
378 2291
378 2447
378 2583
382 29
382 1837
382 2132
407 1875
417 508
418 135
418 1269
418 1312
429 1514
430 52
430 89
430 119
430 172
430 177
430 208
430 223
430 236
430 381
430 524
430 547
430 632
430 651
430 683
430 686
430 1020
430 1165
430 1207
430 1270
430 1284
430 1568
430 1617
430 1637
430 1698
430 1792
430 2033
430 2137
430 2197
430 2343
430 2487
430 2557
430 2593
431 156
431 2137
453 9
453 514
453 706
453 876
453 1025
453 1269
453 1358
453 1449
453 1566
453 1661
453 1712
453 2034
453 2059
453 2092
453 2098
453 2099
453 2156
453 2354
453 2455
453 2618
456 1296
456 1748
456 2099
456 2455
456 2653
459 130
459 267
459 1705
478 52
478 227
478 497
479 418
481 9
488 2053
507 1888
507 2548
508 317
514 506
518 2532
522 525
523 54
523 508
549 287
549 453
549 456
549 488
549 507
549 574
555 2354
560 938
560 955
569 456
569 1025
571 19
571 424
571 1762
571 2331
571 2495
571 2694
574 242
574 1006
574 1827
574 1962
574 2040
574 2360
574 2475
591 199
591 287
591 453
591 488
591 549
591 848
591 1032
591 1105
591 1186
591 1358
591 2155
591 2182
591 2475
591 2690
615 54
627 1270
634 430
635 89
635 172
635 177
635 208
635 256
635 264
635 375
635 381
635 430
635 436
635 442
635 474
635 632
635 634
635 651
635 660
635 683
635 686
635 722
640 20
640 109
640 130
640 199
640 287
640 459
640 549
640 574
640 591
640 635
640 732
640 1363
640 1897
640 2054
640 2475
641 1739
654 1260
661 1191
662 181
662 518
672 130
672 456
672 535
672 549
672 574
672 591
672 924
672 1003
672 1004
672 1293
672 1343
672 1363
672 1386
672 1460
672 2004
672 2329
672 2360
672 2653
672 2696
684 525
686 381
686 1273
692 296
712 54
732 20
732 267
732 1897
740 164
740 418
740 560
740 929
740 1559
740 1664
740 1667
740 1683
740 1703
761 9
761 40
761 535
778 56
786 791
790 1510
791 1661
792 1095
798 507
798 792
798 1095
798 1105
798 1433
826 1237
826 1273
847 848
847 1032
848 1032
848 1223
848 1388
848 1400
848 1468
848 1607
848 1739
885 831
911 177
955 1280
965 177
967 56
967 57
967 306
967 322
967 689
967 847
967 848
967 957
967 1032
967 1394
967 1400
967 1561
985 159
985 2066
1000 931
1003 786
1003 791
1003 1004
1003 1343
1003 1364
1003 1469
1003 1897
1003 2028
1003 2146
1003 2182
1003 2483
1004 786
1004 791
1004 1343
1004 1364
1004 1469
1004 2146
1004 2350
1004 2483
1006 242
1006 472
1006 650
1006 876
1006 1025
1006 2040
1019 853
1019 862
1019 906
1019 926
1019 927
1019 1256
1019 1290
1025 876
1025 1388
1025 1449
1025 1712
1026 1105
1026 1433
1027 56
1027 1388
1053 853
1053 931
1053 1024
1053 1197
1053 1463
1053 1568
1053 1607
1095 1433
1095 1456
1109 2151
1124 453
1124 1566
1124 1567
1160 1166
1161 2324
1164 1584
1170 517
1191 692
1191 1053
1198 418
1198 517
1198 859
1198 1170
1198 1296
1198 1683
1227 1236
1234 790
1234 977
1234 1187
1234 1510
1236 296
1236 382
1236 861
1236 1669
1237 1521
1238 1025
1238 1500
1238 1550
1260 1104
1262 1104
1267 1335
1267 1500
1270 236
1290 218
1290 423
1290 429
1290 893
1290 1025
1290 1191
1290 1197
1290 1226
1290 1238
1290 1644
1290 1712
1290 1918
1290 2169
1290 2329
1309 924
1309 1132
1309 1186
1312 1260
1312 1269
1333 1514
1333 1708
1335 1032
1335 1270
1337 1020
1337 1335
1337 2300
1337 2343
1339 434
1339 1111
1339 1335
1339 1570
1339 2443
1339 2677
1343 1364
1343 1456
1358 1661
1363 786
1363 1343
1363 1364
1363 2168
1363 2475
1363 2653
1364 1469
1364 1705
1419 525
1422 550
1422 1223
1422 1237
1422 1273
1425 525
1427 525
1427 1550
1431 861
1452 560
1457 1237
1460 924
1463 931
1463 1361
1469 1456
1469 1705
1491 851
1491 903
1491 1390
1491 1605
1528 151
1539 378
1539 924
1550 684
1550 1158
1550 1199
1550 1419
1550 1425
1550 1555
1550 1624
1559 1683
1560 456
1560 535
1560 791
1560 1161
1560 2198
1566 1567
1567 1358
1569 208
1569 430
1570 1109
1570 1164
1586 1388
1592 1161
1595 151
1595 1964
1595 2675
1607 1223
1608 431
1608 2225
1618 2343
1626 1164
1644 322
1644 1964
1658 884
1661 1469
1672 903
1678 861
1678 1339
1678 1570
1687 54
1697 1683
1702 1161
1715 1386
1732 853
1732 2225
1762 2694
1819 2580
1823 2487
1823 2580
1827 1962
1827 2083
1827 2110
1827 2224
1848 2483
1853 1861
1853 2320
1862 1863
1862 1964
1875 2439
1891 1875
1897 2146
1897 2182
1924 2327
1964 1863
2005 2345
2006 1824
2011 1835
2011 2182
2011 2633
2015 2034
2015 2327
2040 672
2040 1924
2040 2004
2054 591
2054 2053
2057 790
2057 1510
2057 2695
2066 2062
2067 1792
2090 1260
2092 2015
2098 2099
2098 2156
2134 2644
2135 2333
2135 2583
2141 2418
2180 1500
2180 2577
2182 1748
2182 1835
2182 2146
2182 2633
2192 177
2315 2287
2326 508
2326 2324
2327 2034
2329 1428
2329 1918
2329 2080
2329 2589
2334 54
2342 381
2342 497
2342 1270
2342 2151
2342 2197
2342 2577
2342 2593
2350 2168
2356 1105
2356 1705
2356 2246
2360 1006
2360 2040
2360 2354
2367 1833
2367 2577
2391 507
2418 2345
2423 550
2423 853
2423 862
2423 881
2423 1161
2423 1191
2423 1601
2423 1644
2423 1732
2423 2225
2423 2627
2423 2657
2455 2354
2467 323
2467 2155
2467 2468
2495 1762
2495 2694
2509 517
2509 2618
2511 2083
2511 2141
2511 2320
2511 2345
2511 2418
2537 2198
2553 1875
2583 1173
2583 1423
2583 2310
2583 2333
2634 1197
2651 2059
2653 2028
2657 1161
2674 2066
2675 1256
2675 1824
2675 1862
2675 1964
2685 2053
2690 2053
2692 2172
2694 2331
2695 2198
2696 98
2696 2036
2696 2695
