14 242
14 400
25 1181
40 761
58 2495
70 255
70 931
70 999
70 1521
70 1692
70 1986
74 1024
76 181
76 518
76 2327
84 1550
88 44
88 116
88 225
88 587
88 682
88 760
88 762
102 1824
102 2012
157 1017
157 1375
157 2230
163 624
163 1792
228 323
228 1692
251 6
251 88
251 482
251 932
251 1505
251 1877
251 2560
258 400
294 638
294 2476
299 746
319 29
322 1027
344 1260
344 1267
344 1671
345 1924
378 178
378 218
378 286
378 335
378 585
378 960
378 1238
378 1290
378 1644
378 2012
378 2042
378 2195
417 317
421 255
426 836
426 1187
426 1576
438 21
438 79
438 96
438 227
438 296
438 391
438 550
438 607
438 616
438 692
438 710
438 720
478 618
490 6
555 400
555 556
555 615
560 78
560 1375
560 2287
565 1727
569 255
569 514
569 550
569 710
569 767
569 1000
569 1092
569 1181
569 1269
569 1273
569 1430
569 1457
569 1522
569 1712
569 1986
569 2099
582 1792
585 911
614 615
615 98
615 556
624 11
624 112
624 572
624 700
625 700
638 89
638 227
638 264
638 296
638 348
638 375
638 383
638 441
638 449
638 521
638 618
638 701
638 722
638 779
638 862
638 1027
638 1189
638 1312
638 1327
638 1460
638 1468
638 1539
638 1808
638 1895
638 1919
638 2045
638 2146
638 2171
638 2426
638 2465
638 2541
638 2673
649 2560
659 624
659 695
738 1727
747 695
747 700
766 78
766 181
766 518
767 255
795 794
847 710
847 1402
847 1468
865 251
865 795
865 932
865 1505
865 2560
879 700
887 983
887 1531
924 1480
930 1062
1050 1171
1050 1306
1050 1389
1050 1492
1050 1499
1050 1591
1062 1323
1062 2651
1112 926
1174 303
1174 414
1174 893
1174 902
1174 1033
1174 1074
1174 1102
1174 1135
1174 1297
1185 1000
1185 1521
1254 1062
1266 836
1266 1576
1269 876
1269 1260
1269 1312
1269 2618
1290 2080
1301 2346
1306 607
1306 1499
1310 1306
1310 1499
1322 323
1322 1020
1322 1027
1322 1622
1322 2539
1328 1109
1328 1173
1329 1020
1329 1049
1329 1071
1329 1986
1329 2127
1335 885
1335 1024
1335 1223
1335 1607
1336 1027
1337 944
1354 911
1360 1095
1431 1181
1442 1135
1444 1135
1444 1442
1484 822
1484 931
1484 1057
1484 1092
1484 1197
1484 1220
1484 1237
1484 1430
1484 1482
1484 1500
1484 1521
1484 1522
1484 1692
1505 932
1505 2560
1512 1235
1512 1267
1512 1671
1595 836
1595 1301
1595 1576
1595 1657
1595 1776
1595 1824
1595 1862
1595 1863
1595 2346
1618 1112
1618 1220
1643 1189
1644 822
1644 1862
1644 1863
1644 2423
1647 1684
1647 2074
1687 1189
1702 1199
1724 1492
1727 1376
1818 2073
1908 1647
1954 98
1967 695
1975 2689
2053 2685
2054 2685
2080 2609
2113 2623
2135 2012
2171 2031
2207 79
2207 1786
2210 1808
2246 2475
2304 2297
2326 317
2338 1024
2338 1986
2346 397
2346 1967
2354 400
2354 556
2360 400
2360 556
2360 1386
2360 2004
2360 2273
2391 2548
2408 2145
2409 638
2427 507
2427 1888
2427 2391
2427 2548
2462 1986
2472 2476
2481 1858
2508 322
2508 632
2508 1235
2508 2137
2508 2577
2509 1962
2528 1858
2555 2560
2560 323
2586 1647
2586 2113
2615 1647
2689 2209
